review,terms
"If you live in Upper Manhattan, Siam Square is THE place for Thia food.",Thia food
"Yet paired with such rude service, would never recommend for anyone interested in carrying any kind of conversation while there.",service
"To finish off such a delightful dinner experience you must have dessert, especially the White Chocolate Bread Pudding with Gelato and hot chocolate.","dessert, White Chocolate Bread Pudding with Gelato and hot chocolate, dinner"
Nothing fancy but really good food with pretty reasonable price.,"food, price"
"We are very particular about sushi and were both please with every choice which included: ceviche mix (special), crab dumplings, assorted sashimi, sushi and rolls, two types of sake, and the banana tempura.","sushi, ceviche mix (special), crab dumplings, assorted sashimi, sushi, rolls, sake, banana tempura"
"Stick to dimsum, not super overpriced noodles.","noodles, dimsum"
I ordered the smoked salmon and roe appetizer and it was off flavor.,smoked salmon and roe appetizer
Every course was better than the next.,course
Best dish is nori-wrapped tuna.,"nori-wrapped tuna, dish"
Of course the reason its so packed is because the food is so delicious!,food
Very good service and very good prices.,"service, prices"
This is definitely an  excellent date spot because of the ambiance and on the weekends the  night scene is more than alive.,"ambiance, night scene, spot"
"As we were leaving, the couple standing by the door said to another waiter, we're not in a hurry.",waiter
Both the fresh mozzerella slices and the Plain Cheese slice are phenomenal.,"fresh mozzerella slices, Plain Cheese slice"
The food is okay and the prices here are mediocre.,"food, prices"
"Admittedly, this is not the place for gigantic pieces of fish overflowing the plate (and thank goodness, in my opinion) but for simple, elegant sushi there is no better place in New York or anywhere in the US.","sushi, fish"
"So, for good food i'd recommend it, but not for a fun night out.",food
"After dinner, take your date to the HUGE dance floor, probably one of the biggest you'll see in NY.","dance floor, dinner"
I cannot imagine a friendlier staff working in a restaurant.,staff
I went to DF for Valentines Day dinner.,Valentines Day dinner
"If it's just a quick martini at the bar (which I recommend Jeffery's) or a mind blowing Roast Chicken, go to Village!","martini, bar, Roast Chicken"
"Waitstaff is great, very attentive.",Waitstaff
"Their eggplant is so delicate, sweet tender!",eggplant
My husband and I enjoy Sangria.,Sangria
"Considering their price of $6.25 for lunch special, the dish was ridiculously small.","price, dish, lunch special"
Food and service was okay.,"Food, service"
"The place is larger than most and features adequate seating unlike most joints, and has a bar which deserves a mention.","seating, bar, place"
"those rolls were big, but not good and sashimi wasn't fresh.","rolls, sashimi"
"uni from maine vs california, sea vs freshwater eel) to get a good taste comparison.",eel
Kosher dills are the perfect compliment for your unforgetable sandwich and they give you plenty of them.,"Kosher dills, sandwich"
After really enjoying ourselves at the bar we sat down at a table and had dinner.,"bar, table, dinner"
"The staff was very attentive, the ambience lovely, and the food superb.","staff, ambience, food"
"Nice atmosphere, the service was very pleasant and the desert was good.","atmosphere, service, desert"
The location and ambience is Ok but the food is what makes up for it.,"location, ambience, food"
If you like your music blasted and the system isnt that great and if you want to pay at least 100 dollar bottle minimun then you'll love it here.,"music, bottle minimun"
"Quality ingredients preparation all around, and a very fair price for NYC.","ingredients, price"
Warm and friendly in the winter and terrific outdoor seating in the warmer months.,outdoor seating
We were in search of food and stumbled on this block of Indian restaurants on East Sixth Street.,food
"Great vibe, lots of people.",vibe
Best Taiwanese food in NY!,Taiwanese food
"Had 1 appetizer, 2 entrees and 2 cokes and the bill was ~$55.00, not including tip.","appetizer, entrees, cokes, bill"
I am reluctant to write because I would not want my jem of a pizza place to become overcrowded.,pizza
"While the food was excellent, it wasn't cheap (though not extremely expensive either).",food
"It cannot be the ambience, because the place is very cramped and some guests have to sit in an aisle.","ambience, place, aisle"
"Their sushi, Kamikaze and other Rolls are fresh and well presented.","sushi, Kamikaze, Rolls"
"Luckily we saved room for the BBQ Salmon, Sea Bass and Crispy Duck.","BBQ Salmon, Sea Bass, Crispy Duck"
"It costs $2 extra to turn a regular roll into an inside-out roll, but the roll more than triples in size, and that's not just from the rice.","roll, roll, roll, rice"
"Our favorite meal is a pesto pizza, the house salad, and a good bottle of wine.","pesto pizza, house salad, bottle of wine, meal"
"Lunch came with pickels and slaw, no extra charge.","Lunch, pickels and slaw"
"The food was delicious (I had a halibut special, my husband had steak), and the service was top-notch.","food, halibut special, steak, service"
The food is above average for midtown and sligtly better than some of the other Heartland Breweries in the city.,food
We could have made a meal of the yummy dumplings from the dumpling menu.,"dumplings, meal, dumpling menu"
"The food was pretty good, but a little flavorless and the portions very small, including dessert.","food, dessert, portions"
They came out over cooked and the cheese was almost non existant.,cheese
good selection of wines ranging from affordable to high end.,selection of wines
The fish was not fresh and the rice tasted old and stale.,"fish, rice"
"We were on our way back to NJ, and since I am in NY, we figured why not grab some food?",food
"The menu is Prix Fixe, so be prepared to spend at least $60 per person, but it is Well worth itsuperb food.","menu, food, Prix Fixe"
I would highly recommend this place to anyone looking for a casual atmosphere that whisks you away to the left bank of the river Seine.,atmosphere
"From the terrible service, to the bland food, not to mention the unaccommodating managers, the overall experience was horrible.","service, food, managers"
"They did not have mayonnaise, forgot our toast, left out ingredients (ie cheese in an omelet), below hot temperatures and the bacon was so over cooked it crumbled on the plate when you touched it.","toast, mayonnaise, bacon, cheese, ingredients, plate, omelet"
The dim sum here is only so-so.,dim sum
My friend got the mushroom pizza which tasted better.,mushroom pizza
"We all ate pasta entre'es, which were great.",pasta entre'es
"Some of the workers ignore me and talk to the female customers, other times, they've skipped my order.","workers, order"
Stick to the gulab jamun.,gulab jamun
The rest of the menu is limited by everything is good eats.,"menu, eats"
"Very romantic fires - I've literally spent hours at Lanterna, drinking wine from their extensive wine and enjoying the ambience.","wine, ambience, wine"
What makes this restaurant special are the authentic sichuan cooking and being the only one in NYC that offers authentic chongqing hotpot.,"sichuan cooking, chongqing hotpot"
From the complimentary chef app of a delicate butternut squash ravioli in a delicious truffle sauce to an amazing buttery and tender langostine entree to a dessert that I can't remember because of the fabulous Cakebread Cabernet we were drinking -- the whole evening was amazing.,"chef app, delicate butternut squash ravioli in a delicious truffle sauce, buttery and tender langostine entree, dessert, Cakebread Cabernet"
"Consequently, their burgers fell apart in their hands and made such a mess that they did'nt feel like finishing them.",burgers
The table next to us asked if he crushed the grapes himself when their long overdue bottle of wine finally arrived.,"bottle of wine, grapes"
the drinks are amazing and half off till 8pm.,drinks
The staff was knowledgeable and full of personality.,staff
Killer Sushi!,Sushi
"If you love wine and cheese and delicious french fare, you'll love Artisanal!","wine, french fare, cheese"
Ingredients are organic which is a real plus for me.,Ingredients
"The wait staff is pleasant, fun, and for the most part gorgeous (in the wonderful aesthetic beautification way, not in that she's-way-cuter-than-me-that-b@#$* way).",wait staff
Our first time in New York and we had to try a New York Bagel.,New York Bagel
"While most people can attest to spending over $50 on drinks in New York bars and hardly feeling a thing, the drinks here are plentiful and unique.","drinks, bars, drinks"
"I wasn't there for the Half-Price Saturday Night Special, but Tuesday Night.",Half-Price Saturday Night Special
The rice was poor quality and was cooked so badly it was hard.,"rice, quality, cooked"
"Unfortunately, the food was NOT something to get worked up about.",food
"Other than being a little crowded and a bit overpriced, the atmosphere is filled with energy (and the beautiful people of course) and the food was surprising good!","atmosphere, people, food"
"We shared a bottle of sake, an order of edamames, and she had the sushi plate while I had the sashimi.","bottle of sake, edamames, sushi plate, sashimi"
"The food arrived 20 minutes after I called, cold and soggy.",food
I grew up eating Dosa and have yet to find a place in NY to satisfy my taste buds.,Dosa
we decided to eat in tea room which was small and cute.,tea room
"Terrible, terrible management - deserves to be shut-down.",management
The restaurant looks out over beautiful green lawns to the Hudson River and the Statue of Liberty.,lawns
"I have been there many times, and food is good and consistent.",food
"But when you are seated the waitresses are great, they explain everything on the menu, and the price of the food is really cheap for the service you get.","waitresses, price, service, menu, food"
"The highlight of the night was the mayonaisse for my side of fries I received from one of the food runners, which is not good considering the bill was nearly $100.","mayonaisse, food runners, bill, fries"
The banana tower is an amazing dessert as well.,"banana tower, dessert"
"But don't ever order bacon late at nite (either platter or in sandwiches, for that matter don't from any take out place) as it is from the morning frying turns out hard almost like bacos, hurt my molars.","bacon, platter, in sandwiches, frying, bacos"
The owner and staff are all Japanese as well and that adds to the entire ambiance.,"staff, ambiance, owner"
The food was very well prepared.,food
Frites were delicious if a bit on the thick side.,Frites
Mermaid Inn is an overall good restaurant with really good seafood.,seafood
Good luck getting a table.,getting a table
The fish is fresh and each piece is sliced to perfection and seasoned by the sushi chef (usually with a little fresh wasabi and soy sauce but also sometimes with some sea salt).,"fish, sushi chef, wasabi, soy sauce, sea salt"
The service was attentive without being overbearing and each dish we tried was wonderful from the spring rolls to the cod with pineapple tempura.,"service, dish, spring rolls, cod with pineapple tempura"
Try the sea bass.,sea bass
I would highly recommand requesting a table by the window.,table by the window
The last time I went we were seated at a table in a corridor next to the kitchen.,table
The food is reliable and the price is moderate.,"food, price"
Bartender was unable to tear himself away from friends at bar.,"Bartender, bar"
Jimmy's is hands down the hottest night spot in the Bronx.,spot
Here's to the fake fish tanks too...,fish tanks
and yes Dal Bukhara is so dam good and so are all the kababs.,"kababs, Dal Bukhara"
The food was pretty tradional but it was hot and good with large portions.,"food, portions"
The red sliding doors may be unique but they do not block off the cold air from the outside.,doors
"The pizza is delicious - they use fresh mozzarella instead of the cheap, frozen, shredded cheese common to most pizzaria's.","pizza, fresh mozzarella, cheese"
He takes real pride in his food and his business.,food
You have to increase the service a lot.,service
"Great bar, most gorgeous bartenders you've ever seen (specifically the blond lady).","bar, bartenders"
The dish had like 6 pieces of beef in it.,"dish, beef"
"No food snobs allowed, this place is for people who appreciate good food.","food, food"
"This is such a lovely, peaceful place to eat outside.",place
The place was nice and calm.,place
"Looking around, I saw a room full of New Yorkers enjoying a real meal in a real restaurant, not a clubhouse of the fabulous trying to be seen.","meal, room, clubhouse"
"Then, get ripped on free box wine.",box wine
"More important, the sushi rivals the best in Tokyo.",sushi
Try their plain pizza with fresh garlic or eggplant.,"plain pizza, garlic, eggplant"
"Service is not exactly five star, but thats not really a big deal.",Service
"Whenever you need a Sushi fix, Mizu will be there with quality fish and great service.","fish, service, Sushi fix"
"First the wrong bread came out with the appetizer, then when i tried to order a second glass of wine for my main course...","bread, appetizer, glass of wine, main course"
I care more about the food and ambience.,"food, ambience"
First went here to enjoy their garden terrace.,garden terrace
"The restuarant itself is not large, but seems to have several round tables to accomodate large groups hoping to save a buck to eat authentic Taiwanese.","round tables, Taiwanese"
"The whole set up is truly unprofessional and I wish Cafe Noir would get some good staff, because despite the current one this is a great place.",staff
"The food is definitely good, but I left a bit disappointed.",food
Pastrami or corned beef are juicy and piled high (ask for extra rye bread).,"Pastrami or corned beef, rye bread"
The food was good too.,food
"Everything, from the soft bread, soggy salad, and 50 minute wait time, with an incredibly rude service to deliver below average food.","bread, salad, service, food, wait"
Food is excellent.,Food
We also had shared a house salad that was fresh.,house salad
"The portions are now very small, the sauces are overly-ambitious usually inedible while the service is still good, the restaurant, due to its popularity, seems frantic.","portions, sauces, service"
The waitress was very patient with us and the food is phenomenal!,"waitress, food"
The steak was excellent and one of the best I have had (I tasted the butter intitally but in no way did it overwhelm the flavor of the meat).,"steak, butter, flavor, meat"
"The tables are crammed way too close, the menu is typical of any Italian restaurant, and the wine list is simply overpriced.","tables, menu, wine list"
Nevertheless the food itself is pretty good.,food
"It is set far from the small street it's on, and there is no traffic noise.",traffic noise
"The wine is always good, the tapas are always yummy, especially with the warm pita bread.","wine, tapas, pita bread"
"The space is a bit too small for live music, so on  jazz nights, it can be loud and cramped.","live music, space, jazz nights"
"We could not catch our waiter's eye, and he ignored us.",waiter
Plus they made a perfect martini.,martini
The service was great as well.,service
"Anyway, the food is good, the price is right and they have a decent wine list.","food, price, wine list"
There are a few Italian employees who may not speak the best English but for me that adds to the experience.,employees
The staff is very attentive and we can almost always get a table.,"staff, table"
"The food was not very tasty, the portioins were tiny even for such a high quality restaurant.","food, portioins"
"I have known about this secret for the last 13 years, Emilio(the Godfather) has continued to serve food and wine for the gods at mortal prices.","food, wine, prices"
After dealing with subpar pizza all over the Kensington neighborhood - I've found little toninos.,pizza
"The service was typical short-order, dinner type.",service
"The flavors are great, and the menu is extensive.","flavors, menu"
Cornelia Street looks like a Broadway set for West Side Story and the inside of Po is so cool quaint you really can't top the setting for a romantic dinner in NYC.,"dinner, setting"
Yeah Shanghai is also great but not quite as good -- they use the same amount of salt but without sweetness to balance out.,salt
The dim sum is delectable while the prices are quite easy on the wallet.,"dim sum, prices"
The parathas and kebabs are made when ordered ensuring a level of freshness that is unsurpassed.,"parathas, kebabs"
I recently went to this restaurant with some co-workers for lunch and had an amazing time.,lunch
They wouldnt even let me finish my glass of wine before offering another.,glass of wine
Its a great place for a casual date or to entertain clients for lunch.,lunch
"Excellent atmosphere, delicious dishes good and friendly service.","atmosphere, dishes, service"
"Also good for client lunch meetings, esp.",lunch meetings
We were well attended to by the enthusiastic staff especially the manager Tony Gaskin who made excellent suggestions for our menu selections.,"staff, manager, menu selections"
The bartender on my most recent visit was so incredibly rude that I will never go back.,bartender
My steak au poivre was one of the worst I've had.,steak au poivre
The food was great.,food
"The staff was accomodating, the food was absolutely delicious and the place is lovely.","staff, food, place"
"It is far more popular as a bar than as a restaurant, with only a few tables and the waiter being the bartender, but we greatly enjoyed the unobtrusive atmosphere.","bar, tables, waiter, bartender, atmosphere"
"Good atmosphere, combination of all the hottest music dress code is relatively strict except on Fridays.","atmosphere, music, dress cod"
The food now is inconsistent.,food
"The service was mediocre, and the lack of air conditioning made for a less than comfortable meal.","service, air conditioning, meal"
We ended our great experience by having Gulab Jamun (dessert) recommended by the waiter.,"Gulab Jamun (dessert), waiter"
"If presentation and service is your thing, then this magic show works.",service
Our food was great too!,food
"The flavors are very fresh and pretty inobtrusive, nothing flashy.",flavors
"My entree of hot pot with seafood was full of imitation crabmeat with a couple pieces of shrimp and squid, and was unnecessarily heated with a burner.","hot pot with seafood, shrimp, squid, entree, crabmeat"
The food was lousy - too sweet or too salty and the portions tiny.,"food, portions"
fine dining restaurant quality.,quality
They are served with a free appetizer and the portions are perfect for lunch.,"appetizer, portions, served, lunch"
"Decent Thai food in cute - though a bit dank - little Nolita hangout, BUT service terrible.","Thai food, service"
"The service, wine selection, ambiance are all outstanding and deserve recognition.","service, wine selection, ambiance"
People are always friendly.,People
"We ate out in the back patio, which is worth it as it's cool and the music is hear well there.","back patio, music"
"It is nearly impossible to get a table, so if you ever have the chance to go here for dinner, DO NOT pass it up.","table, dinner"
"The service was attentive, yet unimposing, the food was far better than many notorious restaurants in Midtown and the wine list is extensive and well priced.","service, food, wine list, priced"
"My wife and I will usually only order one primi and one secondi and split them, as they tend to offer large portions.","primi, secondi, portions"
Taxan delicious!,Taxan
"If your visiting, you'll enjoy the ambiance and the fact that it's in Time Sq...",ambiance
"The service, however, was a bright flower in a garden.",service
"The crust is thin, the ingredients are fresh and the staff is friendly.","crust, staff, ingredients"
It took them 25 minutes to bring our appetizer.,appetizer
"The combination of fresh tomato sauce, fresh mozz cheese, basil and the dough they make with imported flour, makes this is one of the better pizza's in NY.","fresh tomato sauce, fresh mozz cheese, basil, dough, pizza, flour"
like saying her bread comes from a special bakery when we have seen her buying it dowtown manhathan.,bread
The fried rice is really good too.,fried rice
"Light, refreshing summer rolls (not fried) remind me of Vietnamese places in Paris.",summer rolls
And even with it's Pub atmosphere they were great to my kids too!,Pub atmosphere
"Compared to Ess-a, Tal offers a less doughy bagel!",bagel
"The waitstaff were attentive, polite and helpful - an impressive feat in such close quarters.",waitstaff
"They are tasty, but I suggest only eating one with meat because they tend not to mesh that well with the average American digestive system.",meat
"The Pad Thai is excellent here, as well.",Pad Thai
"Whether it's the parmesean porcini souffle or the lamb glazed with balsamic vinegar, you will surely be transported to Northern Italy with one bite.","parmesean porcini souffle, lamb glazed with balsamic vinegar"
The bruschetta and panini's are so yummy!,"bruschetta, panini"
They charge $6.00 for rice.,rice
"I didn't take a look at the rest menu, but the oysters were fantastic.","menu, oysters"
Decor is nice though service can be spotty.,"Decor, service"
"Their sake list was extensive, but we were looking for Purple Haze, which wasn't listed but made for us upon request!","sake list, Purple Haze"
The price is reasonable although the service is poor.,"price, service"
I highly recommend Caviar Russe to anyone who wants delicious top grade caviar and fantastic service.,"caviar, service"
"I found the food to be outstanding, particulary the salmon dish I had.","food, salmon dish"
"I only tried a simple dish of spinach ravioli in a light oil and garlic sauce, but it actually faired better than most NYC Italian joints I've tried similar dishes at.","spinach ravioli in a light oil and garlic sauce, dish, dishes"
"Food is average, and I would say even the chain restaurant Baluchi's tastes better.",Food
I do not recommend lunch specials just because it tasts the same with other regular chinese restaurant.,lunch specials
They don't seem to place an emphasis on specials or fresh ingredients which to me is necessary for good thai.,"specials, ingredients, thai"
"My husband had the mesclun, salmon, and ice cream and he enjoyed all 3 courses.","mesclun, salmon, ice cream, courses"
We had champagne and caviar and felt like princesses!,"champagne, caviar"
"The photobook menu was a cute touch, certainly helped my group and I pick the fried chicken, pork chop, and noodle dishes that we all ordered.","menu, fried chicken, pork chop, noodle dishes"
"I recommend their Pad See Ew, Pork Chops or Tofu plates.","Pad See Ew, Pork Chops, Tofu plates"
Waiters are slow but sweet.,Waiters
I love and I know gourmet food by excellence!,gourmet food
Pair you food with the excellent beers on tap or their well priced wine list.,"food, beers on tap, wine list, priced"
"We live in New Jersey and whenever we go into New York City we buy bagels to eat hot and then to freeze (they told me that if I call in the order, they'd bring it out to the car so I wouldn't have to look for parking).",bagels
"The food was delicious, the atmosphere was relaxed, and we have now adopted Plate 347 as our Secret on Second!","food, atmosphere"
Prices are very good.,Prices
Why do people rave about the ambience.,ambience
We took advanatage of the half price sushi deal on saturday so it was well worth it.,half price sushi deal
I'd highly recommend it for a special occasion -- it provides and intimate setting and nice service.,"setting, service"
The food's as good as ever.,food
The service is ok but could be better.,service
The owners and employees are friendly and their pizza is fantastic.,"owners, employees, pizza"
"Besides having the table we had been promised given to other restaurant patrons twice before we were actually seated, we were served dishes we hadn't ordered three times, received one of our orders 20 minutes after the rest of the table had been served (and that order was undercooked), and charged $45 more than we should have been on our bill.","table, served, dishes, table, served, bill"
"I asked for seltzer with lime, no ice.",seltzer with lime
The food is amazing!!!!,food
"And, atlhough tables opened up next to us and we ASKED for a slightly larger space, they left us awkardly seated.","tables, space"
from an English speaking staff.,staff
"Next time, we wouldn't dare ordering anything else other than some simple Asian appetizers and drinks.","Asian appetizers, drinks"
They didn't give us the dinner special until we asked for it.,dinner special
The wine selection (by the glass and bottle) is wonderful and I always recommend that friends make a reservation if they're going to be in town.,"wine selection, reservation"
"The place is a little tight and on a cold day, the seating by the entranceway can be pretty drafty.","seating, place"
We had a wonderful meal at Naples 45 a month ago on a visit to NYC.,meal
I've been coming here as a child and always come back for the taste.,taste
"Frankly, when you compare what you can have here for lunch, versus McDs or so many other sandwich shops in the city, there is no comparison.",lunch
Example is the soup which was about 6 oz for $12 dollars and the mushrooms where $12 for about 1oz.,"soup, mushrooms"
This dish is my favorite and I always get it when I go there and never get tired of it.,dish
"The food, drinks and service are clearly among the best in the city.","food, drinks, service"
"Interesting selection, good wines, service fine, fun decor.","wines, service, decor"
Appetizers are somewhere around $7 each and the main dishes are between $11 and $16.,"Appetizers, main dishes"
They showed up 15 minutes after the tuna melt.,tuna
Ive been here a bunch of times now and the service is always outstanding.,service
"The food is great, service is ok.","food, service"
The service is fine and they allow you to enjoy the view.,"service, view"
"You are paying for the atmosphere, which is nice, but can be had in numerous places in Bay Ridge.",atmosphere
Slightly above average wines start at $70+ with only one selection listed at $30+.,wines
"However, they've got the most amazing pastrami and the soups hit the spot.","pastrami, soups"
"Saul is pretty good, but definitely not great.",Saul
"First off, the waitress was completely unattentive the 2 times we saw her(odd in a restaurant with 6 tables) and got our order wrong.","waitress, tables"
It is also extremely well priced.,priced
The only thing the waiters don't do for you is wipe your chin when you leave.,waiters
This place is always very crowded and popular.,place
"Shockingly easy to throw a group dinner here: simple contract, deposit only to hold the date the entire 2nd fl mezz for our grp of 20.",group dinner
"Their bagels are fine, but they are a little overcooked, and not really a 'special' bagel experience.","bagels, bagel"
I asked for an open faced cheese sandwich and the manager basically told me to take my business elsewhere!,"manager, open faced cheese sandwich"
We had a party in their private room and they made it truly memorable and were very helpful in the planning.,private room
The lunch special is an asbolute steal.,lunch special
Service is average.,Service
"Not a large place, but it's cute and cozy.",place
You can even get packages of the chutneys to stock your fridge!,chutneys
I couldn't reccommend their Godmother pizza any higher.,Godmother pizza
"Ambience is delightful, service impeccable.","Ambience, service"
"Check it out, it won't hurt your stomach or your wallet.","stomach, wallet"
just got back from lunch at Tamarind and it was excellent.,lunch
Spreads and toppings are great - though a bit pricey.,"Spreads, toppings"
"There was a small wait, but shorter than I expected.",wait
The space is nice but when we order our drink we were in for a surprise.,"space, drink"
The best pad thai i've ever had.,pad thai
Great romantic place for a date (try to get the corner booth table for a little privacy and to sit close!).,"privacy, corner booth table, place"
"I was in love with Pongsri on 48th, but compared to Suan it is slow in service and overpriced.",service
The menu is very limited - i think we counted 4 or 5 entrees.,"menu, entrees"
The staff was the friendliest that have seen in New York.,staff
I found the variety of the sashimi plate to be satisfying - fresh and yummy.,sashimi plate
Best Pastrami I ever had and great portion without being ridiculous.,"Pastrami, portion"
"Two people in our party felt like something else, and Volare immediately obliged with two great dishes that were not in their regular menu.","dishes, menu"
I loved everythig about it-especially the shows and actors.,"shows, actors"
Good food.,"food, food"
"For the price, you cannot eat this well in Manhattan.",price
They have some great entrees here as well.,entrees
"The menu consisted of standard brassiere food, better then places like Balthazar etc.","menu, brassiere food"
"The service was bad, the food took to forever to come, we sat on the upper level.","service, food"
"Going to Volare is like going to your favorite aunt's house for dinner, assuming that your aunt is a great Italian cook.",dinner
"For great chinese food nearby, you have Wu Liang Ye and Grand Sichuan just a block away.",chinese food
The desserts are more appealing then stuffy overpriced French restaurants.,desserts
"Be sure to try the seasonal, and always delicious, specials.",specials
Food was good and the view of the new york city skiline was terrific even on a foggy rainy day like that of when I went.,"Food, view"
I do suggest to ask to be seated upstairs if you are looking to be a little cozy.,upstairs
"While the menu isn't especially groundbreaking, everything I've tried so far has been well-executed and tasty.",menu
"The have over 100 different beers to offer thier guest so that made my husband very happy and the food was delicious, if I must recommend a dish it must be the pumkin tortelini.","beers, food, pumkin tortelini, dish"
"So, a little inconsistency there but either way, both pizzas were really good.",pizzas
"Service was devine, oysters where a sensual as they come, and the price can't be beat!!!","Service, oysters, price"
"Not a typical pizza joint, but good for a low key and fairly cheap nice sit down dinner.",dinner
Were meeting up with some friends for a drink at Lafayette 161 and happened to walk by Thai Angel famished.,drink
Very popular style Izakaya (Sake and small portion of sake-friendly dishes ).,"Sake, dishes, portion"
The sushi is also great!,sushi
"The staff has been nice, but they seemed really stressed and the unisex bathroom needs to be cleaned more often.","staff, bathroom"
"I tend to judge a sushi restaurant by its sea urchin, which was heavenly at sushi rose.",sea urchin
No you're going to go back because the food was good.,food
"That is a problem since we paid about 20 bucks a dish, and had to order 5 dishes to get a decent taste.","dish, taste, dishes"
Service- friendly and attentive.,Service
Great value for the quality ingredients.,ingredients
The place was quiet and delightful.,place
The waiter was attentive.,waiter
Really cool stauff inside.,stauff
"This place has the best interior I have seen anywhere in the northside of W'burg, and will impress whoever you bring there.","interior, place"
"Their calzones are horrific, bad, vomit-inducing, YUCK.",calzones
This isn't your corner Chinese food takeout.,Chinese food
"Stay away from the two specialty rolls on the menu, though- too much avocado and rice will fill you up right quick.","rolls, menu, avocado, rice"
And I would have to agree with the masses in terms of service - delivery is their Achilles' heel.,"service, delivery"
I really recommend the very simple Unda (Egg) rolls.,Unda (Egg) rolls
The food there is so good that even to order out the wait is incredible.,"food, wait"
Try the lasagnette appetizer.,lasagnette appetizer
"Over price, and small portions .","price, portions"
The quail was fantastic and unique and the pastas were full of flavor.,"quail, pastas, flavor"
"good music, great food, speedy service affordable prices.","music, food, service, prices"
Overall a disappointing experience for that price category.,price
"Just straight up cheap, good food.",food
"Took my mom for Mother's Day, and the maitre d' was pretty rude.",maitre d'
And the fried clams had just enough kick to them to make 'em worth eating.,fried clams
"Because of the delicate thin crust, take-out pies get soggy in their boxes.","take-out pies, crust"
The prices were fantastic.,prices
The waiters and owners were nonchalant about this and promised to call the exterminator but weren't as dismayed or apologetic as I would have expected.,"waiters, owners"
I have never had cheescake like this.,cheescake
Fast service.,service
Best drumsticks over rice and sour spicy soup in town!,"drumsticks over rice, sour spicy soup"
Until you realize that their five minutes is meaningless and your wait may be anywhere from two to twenty minutes it may be frustrating.,wait
The cold appetizer dishes taste like the way I remember them to taste when I was growing up in Taiwan.,cold appetizer dishes
This is one great place to eat pizza more out but not a good place for take-out pizza.,"pizza, take-out pizza"
Lahore is a great place to duck into late-night when you need some really tasty food on the cheap -- you'll likely have trouble finishing the amount of food you get for FOUR DOLLARS.,"food, food"
I really loved the different and inovated touch that's the cheff gives to the food.,"cheff, food"
THe Pizza and wine were excellent-the service too--but what really MADE this place was the backyard dining area.,"Pizza, wine, service, backyard dining area"
"Service was prompt, friendly and great.",Service
Decor is charming.,Decor
We've never had any problems with the staff but maybe we've been lucky?,staff
My suggestion is to eat family style because you'll want to try the other dishes.,"dishes, eat family style"
"I had their eggs benedict for brunch, which were the worst in my entire life, I tried removing the hollondaise sauce completely that was how failed it was.","eggs benedict, hollondaise sauce, brunch"
A must for all the Dosa lovers.,Dosa
The one vegetarian entree (Abby's treasure) was actually quite a surprise - it was delicious and had wintermelon covering an assortment of fresh mushrooms and vegetables.,"vegetarian entree, Abby's treasure, wintermelon, assortment of fresh mushrooms and vegetables"
Great place to grab a hot bagel on the way to work.,hot bagel
Ambiance is barely romantic but management tries.,"Ambiance, management"
"We figured we never had Argentinian Pizza before so we grabbed our lunch there, sharing a large Pelligrino, a pizza of two of their specials, one was goat cheese the other blue cheese, and both were excellent.","Argentinian Pizza, lunch, Pelligrino, pizza, goat cheese, blue cheese"
"This is the only Thai place I go too in NYC, it's wonderful, and live relaxed Jazz on certain nights.",Jazz
We had the scallops as an appetizer and they were delicious and the sauce was wonderful.,"scallops, appetizer, sauce"
"The food is wonderful, tasty and filling, and the service is professional and friendly.","food, service"
I was pretty much full after our fondue appetizer.,fondue appetizer
"Great food, great lay out and awesome service.","food, lay out, service"
"But, nothing stands out about the cooking.",cooking
The all you can eat deal is truly amazing here.,all you can eat deal
"Orsay, is without a doubt one of the best values for authentic French food in NYC.",French food
A cool place to hang with your friends for a couple of healthy drinks and desserts.,"place, drinks, desserts"
"The entree was bland and small, dessert was not inspired.","entree, dessert"
"Good crowd, good outdoor seating, with a hip japanese vibe.","outdoor seating, vibe"
Service was on par but not wonderful.,Service
"The ambience was so fun, and the prices were great, on top of the fact that the food was really tasty.","ambience, prices, food"
What an amazing meal and experience!,meal
great place to go for a drink too because they have 100 kinds of beer.,"kinds of beer, drink"
I recommend getting a reservation even though we saw people seated without one.,reservation
I was really disappointed ant wanted to tell everyone not to go eat or even take out food from there.,food
"I like Cafe Noir dont get me wrong, it is jsut that the people who work there are evil and incompetent!!",people
Went there with my wife and we had to wait for a table even though you could see there many that were empty with not reservation sigh on them.,"reservation sigh, table"
Pick a bagel has the best bagels in the city.,bagels
"The spicy tuna roll was unusually good and the rock shrimp tempura was awesome, great appetizer to share!","spicy tuna roll, rock shrimp tempura, appetizer"
"I have been a longtime fan of Holy Basil in the East Village, and while I do believe their food has slightly slipped in quality, I have been hesitant to be disloyal.","food, quality"
The Yellowtail was particularly good as well.,Yellowtail
Ummm...the beer was cold.,beer
So all I'm trying to say is this restaurant is by far the best thai food restaurant I've ever been to.,thai food
I have never before eaten 40 pieces of relatively good nigiri.,nigiri
"$160 for 2 filets, 2 sides, an appetizer and drinks.","filets, sides, appetizer, drinks"
"The food is good, I can't lie.",food
"The wait here is long for dim sum, but if you don't like sharing tables or if the typical raucous dim sum atmosphere is not your gig, this is a sleek (for Chinatown) alternative.","wait, dim sum, dim sum atmosphere, tables"
Check out the secret back room.,secret back room
"Bagels are ok, but be sure not to make any special requests!",Bagels
A++   The service was good to excellent along with the attitude.,"service, attitude"
The website and rating makes this place look wonderful but in reality it was very disappointing.,place
We ordered some beef and noodle soup dishes from the Thai section of the menu but nothing we got was Thai.,"beef, noodle soup dishes, menu"
My wife had the fried shrimp which are huge and loved it.,fried shrimp
"His wife Tanya, the hostess, completes the comforting atmosphere by being delightfully warm and gracious.","hostess, atmosphere"
The food is delicious.,food
Prices are higher to dine in and their chicken tikka marsala is quite good.,"Prices, chicken tikka marsala"
Try sushimi cucumber roll.,sushimi cucumber roll
The food is great and authentic.,food
"The quantity is also very good, you will come out satisfied.",quantity
"The Thali was small, thoroughly unremarkable, and $14.95.",Thali
"The decor is nice, but more casual than fine dining.",decor
"Went on a 3 day oyster binge, with Fish bringing up the closing, and I am so glad this was the place it O trip ended, because it was so great!","place, oyster, Fish"
Big Wong gets big Ups for a fine establishment.,establishment
Pizza here is consistently good.,Pizza
Best Reuben sandwich ever!,Reuben sandwich
"However, service was as plain as sesame crusted Salmon I had.","service, sesame crusted Salmon"
The sandwhiches are out-of-this world!,sandwhiches
"If you go to Roth's try to be served by Mike, he is GREAT!!",served
An excellent service,service
My friend's food was also the complete opposite of what it's supposed to taste like (aND look like).,food
This is the pinnacle of Indian Fast Food (all fast foods in my opinion).,Indian Fast Food
"My GF and I still choose to eat there a lot because of diverse cocktails, the chill decor, and the decent sushi.","cocktails, decor, sushi"
Won't or Can't is not in the service directory.,service
"However, go for the ambience, and consider the food just a companion for a trip across the world!","ambience, food"
BE CAREFUL before you request extra spice.,spice
"Dessert - can't be missed, so save room!!!",Dessert
"When asked about how a certain dish was prepared in comparison to a similar at other thai restaurants, he replied this is not Mcdonald's, every place makes things differently While it is understandable that every place is indeed different, there was not a need to be uncourteous to customers and downright rude.",dish
Did I mention the wine?,wine
"Thalia is a beautiful restaurant with beautiful people serving you, but the food doesn't quite match up.","people serving, food"
"I come from a family of pizzeria owners, and I'm almost ashamed to say that the pizza in Fornino's blows my families receipies away.",pizza
(Always ask the bartender for the SEASONAL beer!!!,"SEASONAL beer, bartender"
"Otherwise, this place has great service and prices and a nice friendly atmosphere.","service, prices, atmosphere"
"We've been following chef Lyle's food around New York for 15 years and while remaining classic, his innovations with bistro fare have made us return and return.","bistro fare, chef, food"
All in all the food was above average and I would return to see how they operate with four or less dinners.,"food, dinners"
"The Halibut was too salty, dessert was so so (don't waste any of your calories) and service was poor.","Halibut, dessert, service"
"The service was superb, they treat you like family.",service
Its worth the wait though.,wait
"Three page wine menu, one page entree and horedevous.","wine menu, entree, horedevous"
Cozy romantic atomosphere with only around 15 tables at most.,"atomosphere, tables"
The staff was too busy ordering sushi for dinner and then laying it out to eat on the bar to even bring me my check.,"staff, sushi, check, dinner, bar"
"Decor is nice and minimalist, food simple yet very well presented and cooked, and the wine list matches the food very well.","Decor, food, wine list, food"
Patroon features a nice cigar bar and has great staff.,"cigar bar, staff"
What I didn't like was how the food came right after it was ordered.,food
Our family never expected such incredible entertainment in a restaurant.,entertainment
And the Tom Kha soup was pathetic.,Tom Kha soup
"Seriously, this is the best all you can eat in town- As everyone says, the Spicy Tuna hand rolls are the best- have 4 of these, and you've broken even.",Spicy Tuna hand rolls
"I took my girlfriend there for her birthday last night and we had a relaxing, really good meal.",meal
Try the olive cream cheese or the lox spread on a whole wheat everything bagel.,"olive cream cheese, lox spread, bagel"
black white shakes came out good also.,black white shakes
Priced at upper intermediate range.,Priced
The pizza was great.,pizza
"Worse of all, $60 was erroneously added to our $80 bill.",bill
The food always tastes fresh and served promptly.,"food, served"
The hanger steak was like rubber and the tuna was flavorless not to mention it tasted like it had just been thawed.,"hanger steak, tuna"
They treated us well and the food was extremely fresh and well-prepared.,food
"But, they were too big for the bun.",bun
Went there and had a combination of different seafood dishes and appetizers.,"seafood dishes, appetizers"
The two star chefs left quite some time ago to open their own place.,chefs
I also ordered for delivery and the restaurant forgot half the order.,"delivery, order"
"Save your money and don't waste your calories, go to Margharita's on Washington Street instead, they have amazing food and the BEST service.","food, service"
Rao's has the best service and atmosphere in NYC.,"service, atmosphere"
While the food was good (certainly no Il Mulino) the service was horrendous.,"food, service"
"Everything looks great, the drinks, the decor, the food, even the people.","drinks, decor, food"
"After the main course came, we didn't see our waiter for at least 40 MINUTES!","main course, waiter"
Not a small feat for good french food in the area.,french food
"Growing up in NY, I have eaten my share of bagels.",bagels
They were such a rip-off ($8.95 for four small meat patties in steamed buns) and not worth trying.,meat patties in steamed buns
"My goodness, everything from the fish to the rice to the seaweed was absolutely amazing.","fish, rice, seaweed"
The ambience is very calm and quiet.,ambience
"The sushi has been from average to below average, the wait service has always been sub-par the atmosphere goes from nice to really irritating (if you sit in the area beyond the kitchen, the acousitcs are horrid, everything echoes is extremely loud).","sushi, wait service, atmosphere, area"
The food was very expensive (we spent $160 for lunch for two) but extremely tasty.,"food, lunch"
"We went here for lunch a couple of weeks ago on a Saturday, and I was thoroughly impressed with the food.","lunch, food"
It's a nice place to relax and have conversation.,place
The Singapore Mai Fun had NO curry flavor whatsoever.,"Singapore Mai Fun, curry flavor"
"While I quite liked the food and the ambience, I'm not quite sure if it they really deserve it the Michelin rating they have displayed so prooudly in the window.","food, ambience"
The menu seemed to have a wide variety of dishes for seafood lovers and interesting ways of preparing them.,"menu, variety of dishes, seafood"
"The food was just OK, I would never go back.",food
Try the tandoori salmon!,tandoori salmon
"I would not have been so disappointed with the portions if the qualities were good enough to make up for it, but they were not!","portions, qualities"
There was no ambiance.,ambiance
The food was good.,food
"After being told that our party of three would be seated in 10 minutes and watching other parties (multiples of 2 and higher) seated for 40 minutes, the three of us were squished into a small 2-person table.",2-person table
The spicy tuna and salmon are the best we've ever had.,"spicy tuna, salmon"
"I recommend the jelly fish, drunken chicken and the soupy dumplings, certainly the stir fry blue crab.","jelly fish, drunken chicken, soupy dumplings, stir fry blue crab"
They are the best bagels I've had.,bagels
Delivery is fast too.,Delivery
We were seated outside and the waiter spilled red wine and hot tea on myself and my date.,"waiter, red wine, hot tea, outside"
"The Bagels have an outstanding taste with a terrific texture, both chewy yet not gummy.",Bagels
"The dosas are skimpy, unattractive and drip with grease, and personally I'd drink popcorn topping before I'd eat another one of these.","dosas, popcorn topping"
"Oh yes, and if you are a fan of Indian oldies film stars, there are plenty of portraits of Indian actors and actresses in classic black white that adorn the walls, some of which, I would love to know where they obtained.",portraits
You must have the crabmeat lasagna which is out of this world and the chocolate bread pudding for dessert.,"crabmeat lasagna, chocolate bread pudding, dessert"
But who says Murray's is anything about service.,service
"Over time, the food quality has decreased substantially, it is a lot less crowded than it used to, and the service must definitely be part of the reason.","food quality, service"
"Only drawback - they won't toast your bagel, and they don't make eggs for the bagel.","bagel, eggs, bagel"
"You can also special order any kind of dumpling,etc.",dumpling
"We were seated promptly as we had reservations, however after that the service was slow.","reservations, service"
I went there in late afternoon for some bite size food and refleshment with my date.,"food, refleshment"
The bagels are also reasonably priced for NYC.,"bagels, priced"
"The food is spectacular, from the appitizers to the main course, and then of course the desserts, (WOW) you'll need no more.","food, appitizers, main course, desserts"
The entire dining experience was wonderful!,dining experience
"Get your food to go, find a bench, and kick back with a plate of dumplings.","food, plate of dumplings"
Definitely not worth the price!,price
If you want good authentic Thai this place is not the place to go.,Thai
I would definitely recommend SEA if you like thai cuisine!,thai cuisine
"The Steak Tartare is a great bet, they fix it for you at the table.",Steak Tartare
"Volare virgins or weekly regulars, everyone gets treated the same and you can't ask for more than that when the service is this friendly.",service
"Great roofdeck, nice group of 30 somethings, but no music, kind of quiet.","roofdeck, music"
As soon as I wake up on a saturday or sunday it is the first thing on my mind is when and how I will be getting to fried dumpling.,fried dumpling
Decor is minimalist and clean - nothing to distract or commend.,Decor
The best thing I tasted were the lambchops.,lambchops
The food was so-so.,food
I keep my fingers crossed the whole subway ride hoping that there will be a table I can sit at by myself and not have to share with the rice congee soup people.,"table, rice congee soup"
less wait time for me!,wait time
"When family came in he gave them apps to test their palets, and then ordered for them.",apps
Personal pans are the perfect size for those hungry nights.,Personal pans
"I would definitely go back for a very special occasion, but not for regular fine dining.",dining
"I went here with a friend on a whim, we went someplace else first and couldn't get a table.",table
He has visited Thailand and is quite expert on the cuisine.,cuisine
"The first 2 courses were very good, but the chocolate sampler was too rich for me and the dessert wine far too sweet.","courses, chocolate sampler, dessert wine"
"Admittedly some nights inside the restaurant were rather warm, but the open kitchen is part of the charm.",open kitchen
A restaurant that doesn't try to do anything except serve great food with great service in a pleasant atmosphere.,"food, service, atmosphere"
"During the course of the past 3 months, the chef and staff changed and it was not for the better.","chef, staff"
Moderate prices.,prices
"The food is mostly made from scratch, fresh and well prepared.",food
The food is a diamond in rough -- the food is delicious and homemade with the perfect balance of herbs and tomatoes.,"food, food, herbs, tomatoes"
"The food is yummy, especially their cooked-to-perfection mussels in spicy tomato sauce and their shoestring crispy fries.","food, mussels in spicy tomato sauce, fries"
"Oh yes, and they lie on the phone, claiming they have seating in the garden, then of course the seats are not available.","seating in the garden, seats"
"Nha Trang, while being notorious for utter lack of comfort and decor, horribly slow wait staff and horribly quick meals, is one of the best vietnamese restaurants i've ever been to. the pho is delicious and comes with very fresh vegtables.","comfort, decor, wait staff, meals, pho, vegtables"
Right off the L in Brooklyn this is a nice cozy place with good pizza.,"pizza, place"
"The owner is very friendly and a great guy, go try his pizza, you'll like it!","owner, pizza"
The place is small and cramped but the food is fantastic.,"place, food"
We ran a little late for the reservation but it wasn't a problem to get our table immediately.,"reservation, table"
$20 gets you unlimited sushi of a very high quality- I even took a friend here from Japan who said it was one of the best sushi places in the US that he has been to.,"sushi, sushi places, quality"
"As a long-time patron of Mamoun's, I always figured that I had found the best late night food spot in the city.",food spot
"Great wine selection, Gigondas is worth the price, and the house champagne is a great value.","wine selection, Gigondas, house champagne, price"
The pizza was really good.,pizza
"Only complaint would be that at an average cost of $12-$15 per meal, I'd like not to have to worry about finding a seat!","cost, meal, seat"
The service was attentive and her suggestions of menu items was right on the mark.,"service, menu items"
"It only took about five or so minutes to get an empty table, but standing up wasn't too bad.",table
"Probably much busier for lunch, it's seldom crowded for dinner (too close to downtown).","lunch, dinner"
The hot and sour soup was unbearably hot and tasted of only pepper and nothing else.,"soup, pepper"
"The vibe is very relaxed and cozy, service was great and the food was excellent!","vibe, service, food"
Service was also horrible and the ambience is not that great.,"Service, ambience"
"So if you want a nice, enjoyable meal at Montparnasse, go early for the pre-theater prix-fixe.","meal, pre-theater prix-fixe"
"However, I was there for a work dinner not long ago when my colleague from London noticed a very large waterbug on the ceiling.","ceiling, dinner"
We had a 3 hour brunch- they definitely do not rush you- and they kept the unlimited mimosas flowing the whole time.,"brunch, mimosas"
"Service is great, takeout is good too.","Service, takeout"
"My wife and I also enjoyed the spinach, the Shanghai low mein, and other attractions.","spinach, Shanghai low mein"
Food was OK - fish was cooked well.,"Food, fish"
Try the Pad Se-Ew or Chicken with Cashew Nuts for a memorable and repeatable experience.,"Pad Se-Ew, Chicken with Cashew Nuts"
"Toons has recently been redone, so it's now a very attractive space.",space
"Plus, on Wednesday nights the house wine is unlimited!",house wine
"For many people, this may not seem like Aunthentic Thai food because most places in NYC arent quite authentic.",Thai food
Service was very good and warm.,Service
And I say snacking because it really is not set up to be a proper dinner.,"dinner, snacking"
Terrific menu full of unique rolls and special dishes.,"menu, rolls, dishes"
"Also, the sandwiches (nearing $7) didn't come with anything like chips or a side.","sandwiches, chips, side"
We arrived on time for our reservation and seated promptly.The,reservation
The aesthetics of this place are like an airport lounge.,"aesthetics, place"
I particularly love their yellowfun tuna and their mussel selection.,"yellowfun tuna, mussel selection"
"Chance is a small cozy restaurant, with a romantic feel to it, the decor is great.",decor
I have been coming here for years and have nothing but good things to say about the service and the great staff at La Lanterna.,"service, staff"
I don't know who they think they are but they have no respect for the residents of the neighborhood ever since they opened their cabaret next door and blasts loud music till three in the morning every weekend during the summer.,music
The food was average or above including some surprising tasty dishes.,"food, dishes"
I LOVED THE SHOWS.,SHOWS
"Not only was the food outstanding, but the little 'perks' were great.","food, perks"
The wine list is interesting and has many good values.,wine list
"When my husband and go there, we spend $60.00 (have LOBSTER TAILS UMMMMM need I say more) I can't say any more, it a place you'll never forget If you never go, you'll miss A Meal of your life time","place, Meal, LOBSTER TAILS"
I ate clams oreganta and spectacular salad with perfectly marinated cucumbers and tomatoes with lots of shrimp and basil.,"clams oreganta, salad with perfectly marinated cucumbers and tomatoes with lots of shrimp and basil"
We also ordered two hot dogs thinking they would be pretty good since there is a whole section on the menu devoted to them.,"hot dogs, menu"
Much more reasonably priced too!,priced
"I have eaten at Saul, many times, the food is always consistently, outrageously good.",food
"For the quality of food, a little too expensive.",quality of food
The prices and ambience are especially great considering it's in the West Village.,"prices, ambience"
They smell like they stuff them with old canned vegetables like the spinach mushroom calzone.,"spinach mushroom calzone, canned vegetables"
"NO more reservations, expensive tips and annoying stuff.","reservations, tips, stuff"
"Although the place could be a little more eye catching and roomier, at the same time, it doesn't really matter.",place
"When he finally did, he was unable to make a gin and tonic -- couldn't find tonic.","gin and tonic, tonic"
Hats off to the chef.,chef
"The ambience is pretty and nice for conversation, so a casual lunch here would probably be best.","ambience, lunch"
"The first time I went, and was completely taken by the live jazz band and atmosphere, I ordered the Lobster Cobb Salad.","live jazz band, atmosphere, Lobster Cobb Salad"
I've waited over one hour for food.,food
"Also, top the meal with a delicious and perfect slice of tiramisu.","tiramisu, meal"
"A few tips: skip the turnip cake, roast pork buns and egg custards.","turnip cake, roast pork buns, egg custards"
My husband and I enjoyed each of the 6 taste size portions and left completely full.,portions
"Do not get the Go Go Hamburgers, no matter what the reviews say.",Go Go Hamburgers
Great staff.,staff
"Hopefully next time, I will save room for dessert.",dessert
The fried rice is amazing here.,fried rice
Once they ran out of Gnochi and made it for me from scratch!,Gnochi
also make sure you pay attention to the music being piped in - quite a weird selection.,music
bottles of wine are cheap and good.,bottles of wine
I've never had bad service and the fish is fresh and delicious.,"service, fish"
We had the lobster sandwich and it was FANTASTIC.,lobster sandwich
It's a great place to pick up a cheap lunch or dinner.,"lunch, dinner"
they were able to squeeze me in at 6 after i called the night before my anniversary for a friday night reservation and told me they'd treat us well for the occasion.,reservation
"The portions are HUGE, so it might be good to order three things to split (rather than one appetizer and entree per person) for two people.","portions, appetizer, entree"
When we were finally seated our waitress came by twice-1 for our order and 2-for our check.,"waitress, check"
"If you are in a big group, this place is perfect because it recomends sharing - they have lazy susans on most tables - even families can feel comfortable here.","lazy susans, tables"
One should not go to Lucky Strike for the food.,food
I had never had Edamame pureed before but I thought it was innovative and tasty (could've used a bit more salt).,Edamame pureed
Their Margarita is best I've had since I've returned from Naples!,Margarita
"As I made the title, it's an affordable restaurant for great taste.",taste
"- for dessert we split chocolate cake and vanilla gelato (with espresso), which were tasty, but I thought a bit overpriced.","chocolate cake, vanilla gelato (with espresso), dessert"
"I wasn't thrilled to have to wait on line for thirty minutes, but I guess that's the price you pay for a popular place.",wait
"Always a nice crowd, but never loud.",crowd
The sangria was pretty tasty and good on a hot muggy day.,sangria
"The service was impeccable and unobtrusive -- the staff knows what they are there to do -- to know their menu, present your meal, and attend to your needs.","service, staff, menu, meal"
they bring service up a notch by offerng complementary amuse bouche to all tables and gave us a small dessert for our celebration.,"amuse bouche, dessert, tables, service"
I've lived in NYC all my life and had never before seen so many waterbugs in one place (except in a really bad dream).,waterbugs
"I also ordered the Change Mojito, which was out of this world.",Change Mojito
We were disappointed with the pre-fixe menu of only 2 choices per course (other restaurants offer 3 choices) and ended up ordering a la carte.,"pre-fixe menu, choices per course, ordering a la carte"
I would definitely go back -- if only for some of those exotic martinis on the blackboard.,martinis
I've been to Naples 45 for dinner twice.,dinner
"Odd for Ave B, not just odd, The place attracts an eclectic crowd to say the least.",place
"It's super-trendy and there's always someone to take that empty seat, so it seems that customer service has been deemed not of the essence.","service, seat"
"The atmosphere is nothing special, but it feels like a Sushi establishment in Tokyo.",atmosphere
"Authentic food and they have REAL service, not just the rush you get sometimes when they try to push you out the door.","food, service"
We had a great tiem watching the shows and characters and ar food was just what we were looking for.,"shows, food, characters"
I've been here 3 times for lunch and it is one of my favorites in the city.,lunch
"Nice ambiance, nice little bar, good bartender, Francois, and good service.","bar, bartender, service, ambiance"
The service is a little scatty at times but all is forgiven when the food arrives.,"service, food"
Yes you have to wait to be seated and because its small there is no waiting area and the seat at the bar was all taken.,"waiting area, seat, bar, wait"
But the staff was so horrible to us.,staff
